%YAML:1.0
---
model_type: PINHOLE
camera_name: camera
image_width: 640
image_height: 480
distortion_parameters:
   k1: 0.0
   k2: 0.0
   p1: 0.0
   p2: 0.0
# projection_parameters:
#    fx: 384.39654541015625
#    fy: 384.39654541015625
#    cx: 323.3316345214844
#    cy: 234.95498657226562
projection_parameters:
   fx: 387.808349609375
   fy: 387.808349609375
   cx: 320.74005126953125
   cy: 235.43270874023438